#1.生成一個等差數列，首數為0，尾數為20，公差為1的數列。
>>> a = np.arange(0,21,1)
>>> print (a)
[ 0  1  2  3  4  5  6  7  8  9 10 11 12 13 14 15 16 17 18 19 20]
>>> a = np.arange(21)
>>> a
array([ 0,  1,  2,  3,  4,  5,  6,  7,  8,  9, 10, 11, 12, 13, 14, 15, 16,
       17, 18, 19, 20])
      
      
      
#2.呈上題，將以上數列取出偶數。
array([ 0,  2,  4,  6,  8, 10, 12, 14, 16, 18, 20])
>>> print (a[0:21:2])
[ 0  2  4  6  8 10 12 14 16 18 20]



#3.呈1題，將數列取出3的倍數。
>>> a[0:21:3]
array([ 0,  3,  6,  9, 12, 15, 18])
>>> print (a[0:21:3])
[ 0  3  6  9 12 15 18]
